#DP 1.0
REF_PDB	./ref/a.pdb
REF_MODEL	0
REF_MODEL_SEQUENCE	GGACUAGCGGAGGCUAGUCC
REF_MODEL_RESIDUES	(B:201:'G  ')(B:202:'G  ')(B:203:'A  ')(B:204:'C  ')(B:205:'U  ')(B:206:'A  ')(B:207:'G  ')(B:208:'C  ')(B:209:'G  ')(B:210:'G  ')(B:211:'A  ')(B:212:'G  ')(B:213:'G  ')(B:214:'C  ')(B:215:'U  ')(B:216:'A  ')(B:217:'G  ')(B:218:'U  ')(B:219:'C  ')(B:220:'C  ')
CMP_PDB	./cmp/b2.pdb
CMP_MODEL	0
CMP_MODEL_SEQUENCE	GGACUAGCGGAGGCUAGUCC
CMP_MODEL_RESIDUES	(B:201:'G  ')(B:202:'G  ')(B:203:'A  ')(B:204:'C  ')(B:205:'U  ')(B:206:'A  ')(B:207:'G  ')(B:208:'C  ')(B:209:'G  ')(B:210:'G  ')(B:211:'A  ')(B:212:'G  ')(B:213:'G  ')(B:214:'C  ')(B:215:'U  ')(B:216:'A  ')(B:217:'G  ')(B:218:'U  ')(B:219:'C  ')(B:220:'C  ')
LOCAL_RMSD	0.455	0.170	0.093	0.386	0.876	0.140	0.162	0.361	0.782	1.005	0.132	0.488	0.977	0.388	0.338	0.484	0.115	0.164	0.106	0.072
ROW_MEANS	3.090	2.476	2.573	2.873	2.802	1.524	1.490	1.833	4.401	3.858	2.353	2.725	6.356	2.263	1.805	2.301	2.531	2.065	2.437	3.917
COL_MEANS	3.518	3.125	2.749	2.337	1.941	1.827	1.979	2.699	3.295	4.629	4.076	3.247	3.234	2.218	1.947	1.768	1.826	2.388	3.021	3.851
ROW_0	0.275	0.775	1.311	1.894	2.631	2.695	2.894	4.142	5.199	6.791	6.582	5.425	5.092	3.335	2.708	2.299	2.138	2.176	1.817	1.619
ROW_1	0.598	0.146	0.228	0.514	0.817	1.478	2.389	4.116	5.210	7.493	6.986	5.288	5.262	3.322	2.458	1.217	0.537	0.260	0.297	0.897
ROW_2	0.784	0.280	0.079	0.410	0.925	1.524	2.457	4.141	5.234	7.380	7.018	5.348	5.437	3.579	2.793	1.595	0.786	0.505	0.314	0.882
ROW_3	0.828	0.744	0.390	0.288	0.926	1.596	2.642	4.474	5.599	8.201	7.570	5.764	5.769	3.793	2.986	1.627	0.761	0.844	1.060	1.593
ROW_4	2.605	2.709	2.605	2.010	0.722	1.159	1.971	3.028	3.458	6.029	4.810	3.543	3.492	2.202	2.325	1.938	1.674	2.522	3.188	4.055
ROW_5	3.368	2.557	1.914	1.247	0.983	0.121	0.175	1.054	1.836	2.424	2.331	1.693	2.046	0.776	0.534	0.642	0.672	1.142	1.969	3.004
ROW_6	3.461	2.671	2.025	1.323	0.939	0.157	0.136	0.995	1.739	2.359	2.204	1.578	1.903	0.667	0.438	0.607	0.590	1.072	1.944	2.986
ROW_7	4.378	3.721	3.091	2.306	1.423	0.752	0.683	0.315	1.306	1.036	0.629	0.835	1.368	1.222	0.914	1.075	1.424	2.217	3.277	4.684
ROW_8	9.674	8.350	6.958	5.444	3.688	2.600	1.902	1.085	0.556	1.083	1.179	1.742	2.706	3.809	4.241	4.487	5.029	6.131	7.847	9.511
ROW_9	7.586	7.186	6.557	5.694	4.336	3.710	2.878	2.865	2.248	0.869	1.034	1.356	1.394	1.799	1.454	2.110	3.494	5.332	6.960	8.300
ROW_10	4.633	4.160	3.751	3.193	2.482	1.977	1.703	1.094	1.514	1.218	0.103	0.982	1.385	1.879	1.662	2.006	2.266	2.741	3.559	4.746
ROW_11	6.582	5.507	4.352	3.124	1.778	1.315	0.965	0.993	1.224	1.114	0.390	0.406	1.481	1.487	1.720	2.091	2.864	4.259	5.682	7.176
ROW_12	7.817	9.029	9.460	8.928	7.384	5.572	3.543	1.892	1.652	5.788	4.564	2.953	0.818	2.077	4.022	6.618	8.641	10.931	12.271	13.162
ROW_13	4.570	3.730	2.764	1.637	1.324	1.308	1.756	1.997	2.053	2.702	1.584	1.344	1.473	0.311	1.063	1.511	1.813	2.908	3.964	5.452
ROW_14	2.849	2.478	2.362	2.109	1.795	1.172	1.081	1.600	1.981	3.658	2.837	1.747	2.106	0.598	0.295	1.023	1.109	1.159	1.650	2.500
ROW_15	4.917	3.918	2.990	2.177	1.822	1.648	1.634	2.322	2.793	2.572	2.334	1.984	1.758	1.041	0.684	0.399	0.847	2.096	3.430	4.660
ROW_16	1.785	1.487	1.246	1.115	0.979	1.703	2.348	4.058	5.081	7.466	6.839	5.335	4.858	2.623	1.763	0.687	0.091	0.254	0.382	0.523
ROW_17	1.292	0.866	0.699	0.614	0.799	1.037	1.686	3.257	4.233	6.293	5.830	4.409	4.304	2.302	1.602	0.661	0.277	0.149	0.266	0.730
ROW_18	0.734	0.434	0.323	0.513	0.840	1.490	2.314	4.076	5.271	7.473	7.042	5.455	5.203	3.163	2.212	1.002	0.398	0.234	0.086	0.476
ROW_19	1.628	1.756	1.877	2.194	2.230	3.518	4.428	6.472	7.709	10.624	9.645	7.758	6.832	4.369	3.072	1.773	1.109	0.837	0.456	0.060
#eof